Guitar.mf.sulD.C4Ab4.wav,0.003,6.108,6.44,13.133,14.073,21.107,22.083,28.437,29.382,36.413,38.033,43.211,44.168,49.425,51.09,56.073,57.157,62.207
Guitar.mf.sulD.D3B3.wav,0.003,16.056,17.332,29.321,31.102,53.343,54.421,63.372,65.093,74.341,76.127,82.276,83.204,90.209,91.287,98.375,99.298,107.097
Guitar.mf.sulE.C3B3.wav,0.011,9.19,9.351,24.314,25.215,37.01,37.408,48.08,49.159,56.239,59.1,64.024,65.107,73.22,74.127,81.405,83.144,87.118,87.42,93.426,94.177,99.155,101.093,107.111
Guitar.mf.sulE.E2B2.wav,0.04,8.085,10.37,21.151,22.338,32.276,34.007,41.034,45.33,52.435,56.071,62.089,63.406,71.345,73.115,83.008
Guitar.mf.sulG.C4B4.wav,0.001,6.185,7.082,13.102,13.439,21.208,22.241,30.078,31.104,37.051,38.029,43.161,44.165,50.286,51.314,59.196,60.411,66.344,67.415,73.169,74.337,81.077,82.118,88.176
Guitar.mf.sulG.C5Db5.wav,0.003,5.302,6.14,12.28
Guitar.mf.sulG.G3B3.wav,0.003,10.262,11.122,18.132,18.419,26.394,27.293,34.387,35.378,42.387
Guitar.pp.sulA.A2B2.wav,0.01,10.104,12.38,21.397,23.293,31.079
Guitar.pp.sulA.C3B3.wav,0.043,9.207,12.073,35.074,39.149,48.136,50.257,57.04,59.111,68.038,69.174,76.311,77.41,80.299,83.217,89.017,90.127,95.054,96.285,102.38,105.147,112.139
Guitar.pp.sulA.C4E4.wav,0.018,5.147,7.15,12.393,13.386,18.158,20.074,24.015,26.135,29.187
Violin.pizz.mf.sulA.A4B4.wav,2.081,2.841,7.06,7.526,12.107,12.611
Violin.pizz.mf.sulD.Ab5Db6.wav,2.356,2.485,6.949,7.040 ,11.508,11.579,15.996,16.08,19.569,19.674

