Guitar.mf.sulD.C4Ab4.wav,0.003,6.108,6.44,13.133,14.073,21.107,22.083,28.437,29.382,36.413,38.033,43.211,44.168,49.425,51.09,56.073,57.157,62.207
Guitar.mf.sulD.D3B3.wav,0.003,16.056,17.332,29.321,31.102,53.343,54.421,63.372,65.093,74.341,76.127,82.276,83.204,90.209,91.287,98.375,99.298,107.097
Guitar.mf.sulE.C3B3.wav,0.011,9.19,9.351,24.314,25.215,37.01,37.408,48.08,49.159,56.239,59.1,64.024,65.107,73.22,74.127,81.405,83.144,87.118,87.42,93.426,94.177,99.155,101.093,107.111
Guitar.mf.sulE.E2B2.wav,0.04,8.085,10.37,21.151,22.338,32.276,34.007,41.034,45.33,52.435,56.071,62.089,63.406,71.345,73.115,83.008
Guitar.mf.sulG.C4B4.wav,0.001,6.185,7.082,13.102,13.439,21.208,22.241,30.078,31.104,37.051,38.029,43.161,44.165,50.286,51.314,59.196,60.411,66.344,67.415,73.169,74.337,81.077,82.118,88.176
Guitar.mf.sulG.C5Db5.wav,0.003,5.302,6.14,12.28
Guitar.mf.sulG.G3B3.wav,0.003,10.262,11.122,18.132,18.419,26.394,27.293,34.387,35.378,42.387
Guitar.pp.sulA.A2B2.wav,0.01,10.104,12.38,21.397,23.293,31.079
Guitar.pp.sulA.C3B3.wav,0.043,9.207,12.073,35.074,39.149,48.136,50.257,57.04,59.111,68.038,69.174,76.311,77.41,80.299,83.217,89.017,90.127,95.054,96.285,102.38,105.147,112.139
Guitar.pp.sulA.C4E4.wav,0.018,5.147,7.15,12.393,13.386,18.158,20.074,24.015,26.135,29.187
Violin.pizz.mf.sulA.A4B4.wav,2.081,2.841,7.06,7.526,12.107,12.611
Violin.pizz.mf.sulA.A5G6.wav,2.218,2.357,7.217,7.355,12.022,12.196,15.811,15.923,20.909,21.005,25.431,25.528,28.957,29.001,33.034,33.092,37.506,37.573,42.282,42.316,46.295,46.363,50.664,50.717
Violin.pizz.mf.sulA.B4Ab5.wav,2.76,3.202,7.757,8.084,11.544,11.977,15.576,15.9,19.925,20.2,25.114,25.389,30.737,31.061,35.456,35.721,39.631,39.893,43.849,44.095,48.156,48.303,52.034,52.221
Violin.pizz.mf.sulD.A4G5.wav,3.815,4.183,11.42,11.765,18.942,19.333,26.328,26.661,33.495,33.771,39.584,39.837,45.354,45.562,51.367,51.574,58.271,58.559,64.642,64.837,70.386,70.489,75.232,75.382
Violin.pizz.mf.sulD.Ab5Db6.wav,2.356,2.485,6.949,7.040 ,11.508,11.579,15.996,16.08,19.569,19.674
Violin.pizz.mf.sulD.D4Ab4.wav,2.244,3.717,8.503,9.109,13.938,14.686,19.824,20.761,26.893,27.692,33.63,34.324,40.174,40.861,46.48,47.056,53.271,53.868,59.949,60.432
Violin.pizz.mf.sulE.Ab5F6.wav,2.350 ,2.514,7.132,7.3,12.17,12.313,16.849,16.99,21.936,22.061,26.915,27.02,32.561,32.664,37.773,37.85,42.788,42.887,47.434,47.518,52.308,52.361,56.897,56.949
Violin.pizz.mf.sulE.E5Ab5.wav,2.076,2.891,8.233,8.545,14.085,14.329,19.421,19.619,25.02,25.193,29.96,30.116,35.015,35.188,39.943,40.119
Violin.pizz.mf.sulE.Gb6Gb7.wav,0.762,0.786,2.335,2.388,7.39,7.425,12.052,12.093,16.502,16.537,20.523,20.544,24.908,24.956,29.06,29.086,32.919,32.957,36.873,36.91,41.061,41.091,44.954,44.988,48.533,48.567
BbClar.mf.C4B4.wav,2.210 ,4.190 ,7.205,9.184,12.141,14.294,17.097,19.104,22.054,24.14,27.092,29.124,32.065,33.974,36.948,39.021,41.916,43.98,46.88,49.019,51.844,53.913,56.831,58.931
BbClar.mf.C5B5.wav,2.077,4.264,7.049,9.161,12.141,14.175,16.945,19.149,21.939,24.097,26.962,28.985,31.896,33.936,36.913,38.908,41.821,43.905,46.847,48.804,51.827,53.772,56.821,58.81
BbClar.mf.D3B3.wav,2.199,4.166,7.185,9.229,12.175,14.197,17.079,19.137,22.013,24.016,27.039,29.019,31.927,34.058,36.903,38.998,41.941,43.977,46.85,48.862
BbClar.pp.C5B5.wav,1.666,3.616,6.703,8.728,11.662,13.670 ,16.691,18.636,21.221,23.28,26.125,28.014,31.111,33.010 ,36.2,38.191,41.114,43.029,46.137,48.052,51.132,52.979,56.041,57.761
BbClar.pp.C6B6.wav,2.149,3.909,6.751,8.596,11.727,13.647,16.730 ,18.723,21.996,23.782,26.650 ,28.539,31.622,33.499,36.631,38.379,41.591,43.419,46.09,47.594,50.93,52.882,56.064,57.769
Viola.arco.sulC.mf.C3B3.wav,0.070 ,2.467,5.705,7.996,11.224,13.556,16.659,19.264,21.633,24.178,27.453,29.884,31.653,34.085,37.56,40.222,42.241,44.549,47.487,49.845,51.891,54.24,57.34,59.887
Viola.arco.sulC.mf.C4B4.wav,0.063,2.245,5.582,7.681,11.456,13.890 ,16.945,19.721,21.905,24.096,27.308,29.671,312.137,34.357,37.582,40.060 ,42.107,44.207,47.004,48.875
Viola.arco.sulG.mf.C4B4.wav,0.092,2.387,5.704,7.878,11.131,13.411,16.787,19.278,23.549,25.915,29.893,32.323,37.198,39.577,44.051,46.095,49.767,51.861,55.383,57.960 ,61.422,64.056,67.422,69.658
Viola.arco.sulG.mf.C5G5.wav,0.155,2.179,5.240 ,7.290 ,11.281,13.157,17.195,19.244,23.055,25.346
Viola.arco.sulG.mf.G3B3.wav,0.156,2.596,6.285,8.822,12.388,14.781,18.545,20.952,24.476,26.837
Violin.pizz.mf.sulG.A4G5.wav,2.288,2.528,7.162,7.436,11.861,12.010 ,16.680 ,16.821,21.211,21.359,25.642,25.775,30.67,30.802,35.951,36.017,40.246,40.339
